244 244 244 244 244 244 244 244 244 244 244 244 244 244 244 244
244 244 244 244 244 244 244 244 244 244 244 244 244 244 244 244
244 244 244 244 244 244 244 244 244 244 244 244 244 244 244 244
244 244 244 244 244  76   0   0   0   0  81 244 244 244 244 244
244  49   0   0   0   0   0   0   0   0   0   0   0   0  52 244
244  42   0   0   0   0   0 132 132   0   0   0   0   0  43 244
244  43   0   0   0  56 244 155 156 244  45  77 145   0  43 244
244  41   0   0   0 243  22   0   0  26 240   0   0   0  42 244
244  41   0   0   0 244   0   0   0   0 244   0   0   0  43 244
244  42   0   0   0 240  26   0   0  29 238   0   0   0  42 244
244  42   0   0   0  47 244 125 129 244  39   0   0   0  43 244
244  42   0   0   0   0   0 141 139   0   0   0   0   0  43 244
244  45   0   0   0   0   0   0   0   0   0   0   0   0  47 244
244 244 244 244 244 244 244 244 244 244 244 244 244 244 244 244
244 244 244 244 244 244 244 244 244 244 244 244 244 244 244 244
244 244 244 244 244 244 244 244 244 244 244 244 244 244 244 244
244 244 244 244 244 244 244 244 244 244 244 244 244 244 244 244
244 244 244 244 244 244 244 244 244 244 244 244 244 244 244 244
244 244 244 244 244 244 244 244 244 244 244 244 244 244 244 244
244 244 244 244 244  76   0   0   0   0  81 244 244 244 244 244
244  49   0   0   0   0   0   0   0   0   0   0   0   0  52 244
244  42   0   0   0   0   0 132 132   0   0   0   0   0  43 244
244  43   0   0   0  56 244 155 156 244  45  77 145   0  43 244
244  41   0   0   0 243  22   0   0  26 240   0   0   0  42 244
244  41   0   0   0 244   0   0   0   0 244   0   0   0  43 244
244  42   0   0   0 240  26   0   0  29 238   0   0   0  42 244
244  42   0   0   0  47 244 125 129 244  39   0   0   0  43 244
244  42   0   0   0   0   0 141 139   0   0   0   0   0  43 244
244  45   0   0   0   0   0   0   0   0   0   0   0   0  47 244
244 244 244 244 244 244 244 244 244 244 244 244 244 244 244 244
244 244 244 244 244 244 244 244 244 244 244 244 244 244 244 244
244 244 244 244 244 244 244 244 244 244 244 244 244 244 244 244
244 244 244 244 244 244 244 244 244 244 244 244 244 244 244 244
244 244 244 244 244 244 244 244 244 244 244 244 244 244 244 244
244 244 244 244 244 244 244 244 244 244 244 244 244 244 244 244
244 244 244 244 244  76   0   0   0   0  81 244 244 244 244 244
244  49   0   0   0   0   0   0   0   0   0   0   0   0  52 244
244  42   0   0   0   0   0 132 132   0   0   0   0   0  43 244
244  43   0   0   0  56 244 155 156 244  45  77 145   0  43 244
244  41   0   0   0 243  22   0   0  26 240   0   0   0  42 244
244  41   0   0   0 244   0   0   0   0 244   0   0   0  43 244
244  42   0   0   0 240  26   0   0  29 238   0   0   0  42 244
244  42   0   0   0  47 244 125 129 244  39   0   0   0  43 244
244  42   0   0   0   0   0 141 139   0   0   0   0   0  43 244
244  45   0   0   0   0   0   0   0   0   0   0   0   0  47 244
244 244 244 244 244 244 244 244 244 244 244 244 244 244 244 244
244 244 244 244 244 244 244 244 244 244 244 244 244 244 244 244
244 244 244 244 244 244 244 244 244 244 244 244 244 244 244 244

244 244 244 244 244 244 244 244 244 244 244 244 244 244 244 244
244 244 244 244  52  43  43  42  43  42  43  43  47 244 244 244
244 244 244 244   0   0   0   0   0   0   0   0   0 244 244 244
244 244 244 244   0   0 145   0   0   0   0   0   0 244 244 244
244 244 244 244   0   0  77   0   0   0   0   0   0 244 244 244
244 244 244  81   0   0  45 240 244 238  39   0   0 244 244 244
244 244 244   0   0   0 244  26   0  29 244   0   0 244 244 244
244 244 244   0   0 132 156   0   0   0 129 139   0 244 244 244
244 244 244   0   0 132 155   0   0   0 125 141   0 244 244 244
244 244 244   0   0   0 244  22   0  26 244   0   0 244 244 244
244 244 244  76   0   0  56 243 244 240  47   0   0 244 244 244
244 244 244 244   0   0   0   0   0   0   0   0   0 244 244 244
244 244 244 244   0   0   0   0   0   0   0   0   0 244 244 244
244 244 244 244   0   0   0   0   0   0   0   0   0 244 244 244
244 244 244 244  49  42  43  41  41  42  42  42  45 244 244 244
244 244 244 244 244 244 244 244 244 244 244 244 244 244 244 244
244 244 244 244 244 244 244 244 244 244 244 244 244 244 244 244
244 244 244 244  52  43  43  42  43  42  43  43  47 244 244 244
244 244 244 244   0   0   0   0   0   0   0   0   0 244 244 244
244 244 244 244   0   0 145   0   0   0   0   0   0 244 244 244
244 244 244 244   0   0  77   0   0   0   0   0   0 244 244 244
244 244 244  81   0   0  45 240 244 238  39   0   0 244 244 244
244 244 244   0   0   0 244  26   0  29 244   0   0 244 244 244
244 244 244   0   0 132 156   0   0   0 129 139   0 244 244 244
244 244 244   0   0 132 155   0   0   0 125 141   0 244 244 244
244 244 244   0   0   0 244  22   0  26 244   0   0 244 244 244
244 244 244  76   0   0  56 243 244 240  47   0   0 244 244 244
244 244 244 244   0   0   0   0   0   0   0   0   0 244 244 244
244 244 244 244   0   0   0   0   0   0   0   0   0 244 244 244
244 244 244 244   0   0   0   0   0   0   0   0   0 244 244 244
244 244 244 244  49  42  43  41  41  42  42  42  45 244 244 244
244 244 244 244 244 244 244 244 244 244 244 244 244 244 244 244
244 244 244 244 244 244 244 244 244 244 244 244 244 244 244 244
244 244 244 244  52  43  43  42  43  42  43  43  47 244 244 244
244 244 244 244   0   0   0   0   0   0   0   0   0 244 244 244
244 244 244 244   0   0 145   0   0   0   0   0   0 244 244 244
244 244 244 244   0   0  77   0   0   0   0   0   0 244 244 244
244 244 244  81   0   0  45 240 244 238  39   0   0 244 244 244
244 244 244   0   0   0 244  26   0  29 244   0   0 244 244 244
244 244 244   0   0 132 156   0   0   0 129 139   0 244 244 244
244 244 244   0   0 132 155   0   0   0 125 141   0 244 244 244
244 244 244   0   0   0 244  22   0  26 244   0   0 244 244 244
244 244 244  76   0   0  56 243 244 240  47   0   0 244 244 244
244 244 244 244   0   0   0   0   0   0   0   0   0 244 244 244
244 244 244 244   0   0   0   0   0   0   0   0   0 244 244 244
244 244 244 244   0   0   0   0   0   0   0   0   0 244 244 244
244 244 244 244  49  42  43  41  41  42  42  42  45 244 244 244
244 244 244 244 244 244 244 244 244 244 244 244 244 244 244 244

244 244 244 244 244 244 244 244 244 244 244 244 244 244 244 244
244 244 244 244 244 244 244 244 244 244 244 244 244 244 244 244
244 211 190 190 190 190 190 190 190 190 190 190 190 190 213 244
244  55   0   0   0   0   0   0   0   0   0   0   0   0  67 244
244  53   0   0   0   1  55 133 133  53   0   0   0   0  66 244
244  53   0   0   0  60 220 143 143 220  53   0   0   0  66 244
244  53   0   0  10 213  71   0   0  78 218   9   0   0  66 244
244  53   0   0  32 224  28   0   0  31 234  31   0   0  66 244
244  53   0   0   4 219  65   0   0  72 228   7   0   0  66 244
244  53   0 105  65  69 200 135 136 199  68   0   0   0  66 244
244  53   0   5   3   0  23 101 100  21   0   0   0   0  66 244
244  84  15  15  15   6   0   0   0   0   7  15  15  15  94 244
244 244 244 244 244 115   7   7   7   7 120 244 244 244 244 244
244 244 244 244 244 230 198 198 198 198 232 244 244 244 244 244
244 244 244 244 244 244 244 244 244 244 244 244 244 244 244 244
244 244 244 244 244 244 244 244 244 244 244 244 244 244 244 244
244 244 244 244 244 244 244 244 244 244 244 244 244 244 244 244
244 244 244 244 244 244 244 244 244 244 244 244 244 244 244 244
244 211 190 190 190 190 190 190 190 190 190 190 190 190 213 244
244  55   0   0   0   0   0   0   0   0   0   0   0   0  67 244
244  53   0   0   0   1  55 133 133  53   0   0   0   0  66 244
244  53   0   0   0  60 220 143 143 220  53   0   0   0  66 244
244  53   0   0  10 213  71   0   0  78 218   9   0   0  66 244
244  53   0   0  32 224  28   0   0  31 234  31   0   0  66 244
244  53   0   0   4 219  65   0   0  72 228   7   0   0  66 244
244  53   0 105  65  69 200 135 136 199  68   0   0   0  66 244
244  53   0   5   3   0  23 101 100  21   0   0   0   0  66 244
244  84  15  15  15   6   0   0   0   0   7  15  15  15  94 244
244 244 244 244 244 115   7   7   7   7 120 244 244 244 244 244
244 244 244 244 244 230 198 198 198 198 232 244 244 244 244 244
244 244 244 244 244 244 244 244 244 244 244 244 244 244 244 244
244 244 244 244 244 244 244 244 244 244 244 244 244 244 244 244
244 244 244 244 244 244 244 244 244 244 244 244 244 244 244 244
244 244 244 244 244 244 244 244 244 244 244 244 244 244 244 244
244 211 190 190 190 190 190 190 190 190 190 190 190 190 213 244
244  55   0   0   0   0   0   0   0   0   0   0   0   0  67 244
244  53   0   0   0   1  55 133 133  53   0   0   0   0  66 244
244  53   0   0   0  60 220 143 143 220  53   0   0   0  66 244
244  53   0   0  10 213  71   0   0  78 218   9   0   0  66 244
244  53   0   0  32 224  28   0   0  31 234  31   0   0  66 244
244  53   0   0   4 219  65   0   0  72 228   7   0   0  66 244
244  53   0 105  65  69 200 135 136 199  68   0   0   0  66 244
244  53   0   5   3   0  23 101 100  21   0   0   0   0  66 244
244  84  15  15  15   6   0   0   0   0   7  15  15  15  94 244
244 244 244 244 244 115   7   7   7   7 120 244 244 244 244 244
244 244 244 244 244 230 198 198 198 198 232 244 244 244 244 244
244 244 244 244 244 244 244 244 244 244 244 244 244 244 244 244
244 244 244 244 244 244 244 244 244 244 244 244 244 244 244 244

244 244 244 244 244 244 244 244 244 244 244 244 244 244 244 244
244 244 213  67  66  66  66  66  66  66  66  94 244 244 244 244
244 244 190   0   0   0   0   0   0   0   0  15 244 244 244 244
244 244 190   0   0   0   0   0   0   0   0  15 244 244 244 244
244 244 190   0   0   0   9  31   7   0   0  15 244 244 244 244
244 244 190   0   0  53 218 234 228  68   0   7 120 232 244 244
244 244 190   0  53 220  78  31  72 199  21   0   7 198 244 244
244 244 190   0 133 143   0   0   0 136 100   0   7 198 244 244
244 244 190   0 133 143   0   0   0 135 101   0   7 198 244 244
244 244 190   0  55 220  71  28  65 200  23   0   7 198 244 244
244 244 190   0   1  60 213 224 219  69   0   6 115 230 244 244
244 244 190   0   0   0  10  32   4  65   3  15 244 244 244 244
244 244 190   0   0   0   0   0   0 105   5  15 244 244 244 244
244 244 190   0   0   0   0   0   0   0   0  15 244 244 244 244
244 244 211  55  53  53  53  53  53  53  53  84 244 244 244 244
244 244 244 244 244 244 244 244 244 244 244 244 244 244 244 244
244 244 244 244 244 244 244 244 244 244 244 244 244 244 244 244
244 244 213  67  66  66  66  66  66  66  66  94 244 244 244 244
244 244 190   0   0   0   0   0   0   0   0  15 244 244 244 244
244 244 190   0   0   0   0   0   0   0   0  15 244 244 244 244
244 244 190   0   0   0   9  31   7   0   0  15 244 244 244 244
244 244 190   0   0  53 218 234 228  68   0   7 120 232 244 244
244 244 190   0  53 220  78  31  72 199  21   0   7 198 244 244
244 244 190   0 133 143   0   0   0 136 100   0   7 198 244 244
244 244 190   0 133 143   0   0   0 135 101   0   7 198 244 244
244 244 190   0  55 220  71  28  65 200  23   0   7 198 244 244
244 244 190   0   1  60 213 224 219  69   0   6 115 230 244 244
244 244 190   0   0   0  10  32   4  65   3  15 244 244 244 244
244 244 190   0   0   0   0   0   0 105   5  15 244 244 244 244
244 244 190   0   0   0   0   0   0   0   0  15 244 244 244 244
244 244 211  55  53  53  53  53  53  53  53  84 244 244 244 244
244 244 244 244 244 244 244 244 244 244 244 244 244 244 244 244
244 244 244 244 244 244 244 244 244 244 244 244 244 244 244 244
244 244 213  67  66  66  66  66  66  66  66  94 244 244 244 244
244 244 190   0   0   0   0   0   0   0   0  15 244 244 244 244
244 244 190   0   0   0   0   0   0   0   0  15 244 244 244 244
244 244 190   0   0   0   9  31   7   0   0  15 244 244 244 244
244 244 190   0   0  53 218 234 228  68   0   7 120 232 244 244
244 244 190   0  53 220  78  31  72 199  21   0   7 198 244 244
244 244 190   0 133 143   0   0   0 136 100   0   7 198 244 244
244 244 190   0 133 143   0   0   0 135 101   0   7 198 244 244
244 244 190   0  55 220  71  28  65 200  23   0   7 198 244 244
244 244 190   0   1  60 213 224 219  69   0   6 115 230 244 244
244 244 190   0   0   0  10  32   4  65   3  15 244 244 244 244
244 244 190   0   0   0   0   0   0 105   5  15 244 244 244 244
244 244 190   0   0   0   0   0   0   0   0  15 244 244 244 244
244 244 211  55  53  53  53  53  53  53  53  84 244 244 244 244
244 244 244 244 244 244 244 244 244 244 244 244 244 244 244 244
